{
 "cells": [
  {
   "cell_type": "markdown",
   "id": "ce8638db-5168-4593-9332-93c7d75f1c8c",
   "metadata": {},
   "source": [
    "# Parameter optimization example\n",
    "\n",
    "### Preamble\n",
    "\n",
    "In this example we will use the `LikelihoodVectorized` class to make a simple but effective wrapper for function and gradient calls for scipy optimizer methods."
   ]
  },
  {
   "cell_type": "markdown",
   "id": "8428a1df-f446-40b2-a7d7-bd39e4ff3164",
   "metadata": {},
   "source": [
    "### Initialize Ray\n",
    "\n",
    "We use the `ray` package a lot. So we start off by initializing an instance of ray. Note the `num_cpus` argument, which should be adapted for your machine."
   ]
  },
  {
   "cell_type": "code",
   "execution_count": 1,
   "id": "472b534b-632a-4f44-9a42-a47e870b43f1",
   "metadata": {},
   "outputs": [
    {
     "name": "stderr",
     "output_type": "stream",
     "text": [
      "2023-05-22 12:07:11,938\tINFO worker.py:1616 -- Started a local Ray instance. View the dashboard at \u001b[1m\u001b[32m127.0.0.1:8266 \u001b[39m\u001b[22m\n"
     ]
    },
    {
     "data": {
      "text/html": [
       "<div>\n",
       "    <div style=\"margin-left: 50px;display: flex;flex-direction: row;align-items: center\">\n",
       "        <h3 style=\"color: var(--jp-ui-font-color0)\">Ray</h3>\n",
       "        <svg version=\"1.1\" id=\"ray\" width=\"3em\" viewBox=\"0 0 144.5 144.6\" style=\"margin-left: 3em;margin-right: 3em\">\n",
       "            <g id=\"layer-1\">\n",
       "                <path fill=\"#00a2e9\" class=\"st0\" d=\"M97.3,77.2c-3.8-1.1-6.2,0.9-8.3,5.1c-3.5,6.8-9.9,9.9-17.4,9.6S58,88.1,54.8,81.2c-1.4-3-3-4-6.3-4.1\n",
       "                    c-5.6-0.1-9.9,0.1-13.1,6.4c-3.8,7.6-13.6,10.2-21.8,7.6C5.2,88.4-0.4,80.5,0,71.7c0.1-8.4,5.7-15.8,13.8-18.2\n",
       "                    c8.4-2.6,17.5,0.7,22.3,8c1.3,1.9,1.3,5.2,3.6,5.6c3.9,0.6,8,0.2,12,0.2c1.8,0,1.9-1.6,2.4-2.8c3.5-7.8,9.7-11.8,18-11.9\n",
       "                    c8.2-0.1,14.4,3.9,17.8,11.4c1.3,2.8,2.9,3.6,5.7,3.3c1-0.1,2,0.1,3,0c2.8-0.5,6.4,1.7,8.1-2.7s-2.3-5.5-4.1-7.5\n",
       "                    c-5.1-5.7-10.9-10.8-16.1-16.3C84,38,81.9,37.1,78,38.3C66.7,42,56.2,35.7,53,24.1C50.3,14,57.3,2.8,67.7,0.5\n",
       "                    C78.4-2,89,4.7,91.5,15.3c0.1,0.3,0.1,0.5,0.2,0.8c0.7,3.4,0.7,6.9-0.8,9.8c-1.7,3.2-0.8,5,1.5,7.2c6.7,6.5,13.3,13,19.8,19.7\n",
       "                    c1.8,1.8,3,2.1,5.5,1.2c9.1-3.4,17.9-0.6,23.4,7c4.8,6.9,4.6,16.1-0.4,22.9c-5.4,7.2-14.2,9.9-23.1,6.5c-2.3-0.9-3.5-0.6-5.1,1.1\n",
       "                    c-6.7,6.9-13.6,13.7-20.5,20.4c-1.8,1.8-2.5,3.2-1.4,5.9c3.5,8.7,0.3,18.6-7.7,23.6c-7.9,5-18.2,3.8-24.8-2.9\n",
       "                    c-6.4-6.4-7.4-16.2-2.5-24.3c4.9-7.8,14.5-11,23.1-7.8c3,1.1,4.7,0.5,6.9-1.7C91.7,98.4,98,92.3,104.2,86c1.6-1.6,4.1-2.7,2.6-6.2\n",
       "                    c-1.4-3.3-3.8-2.5-6.2-2.6C99.8,77.2,98.9,77.2,97.3,77.2z M72.1,29.7c5.5,0.1,9.9-4.3,10-9.8c0-0.1,0-0.2,0-0.3\n",
       "                    C81.8,14,77,9.8,71.5,10.2c-5,0.3-9,4.2-9.3,9.2c-0.2,5.5,4,10.1,9.5,10.3C71.8,29.7,72,29.7,72.1,29.7z M72.3,62.3\n",
       "                    c-5.4-0.1-9.9,4.2-10.1,9.7c0,0.2,0,0.3,0,0.5c0.2,5.4,4.5,9.7,9.9,10c5.1,0.1,9.9-4.7,10.1-9.8c0.2-5.5-4-10-9.5-10.3\n",
       "                    C72.6,62.3,72.4,62.3,72.3,62.3z M115,72.5c0.1,5.4,4.5,9.7,9.8,9.9c5.6-0.2,10-4.8,10-10.4c-0.2-5.4-4.6-9.7-10-9.7\n",
       "                    c-5.3-0.1-9.8,4.2-9.9,9.5C115,72.1,115,72.3,115,72.5z M19.5,62.3c-5.4,0.1-9.8,4.4-10,9.8c-0.1,5.1,5.2,10.4,10.2,10.3\n",
       "                    c5.6-0.2,10-4.9,9.8-10.5c-0.1-5.4-4.5-9.7-9.9-9.6C19.6,62.3,19.5,62.3,19.5,62.3z M71.8,134.6c5.9,0.2,10.3-3.9,10.4-9.6\n",
       "                    c0.5-5.5-3.6-10.4-9.1-10.8c-5.5-0.5-10.4,3.6-10.8,9.1c0,0.5,0,0.9,0,1.4c-0.2,5.3,4,9.8,9.3,10\n",
       "                    C71.6,134.6,71.7,134.6,71.8,134.6z\"/>\n",
       "            </g>\n",
       "        </svg>\n",
       "        <table>\n",
       "            <tr>\n",
       "                <td style=\"text-align: left\"><b>Python version:</b></td>\n",
       "                <td style=\"text-align: left\"><b>3.9.10</b></td>\n",
       "            </tr>\n",
       "            <tr>\n",
       "                <td style=\"text-align: left\"><b>Ray version:</b></td>\n",
       "                <td style=\"text-align: left\"><b> 2.4.0</b></td>\n",
       "            </tr>\n",
       "            <tr>\n",
       "    <td style=\"text-align: left\"><b>Dashboard:</b></td>\n",
       "    <td style=\"text-align: left\"><b><a href=\"http://127.0.0.1:8266\" target=\"_blank\">http://127.0.0.1:8266</a></b></td>\n",
       "</tr>\n",
       "\n",
       "        </table>\n",
       "    </div>\n",
       "</div>\n"
      ],
      "text/plain": [
       "RayContext(dashboard_url='127.0.0.1:8266', python_version='3.9.10', ray_version='2.4.0', ray_commit='4479f66d4db967d3c9dd0af2572061276ba926ba', address_info={'node_ip_address': '137.110.139.239', 'raylet_ip_address': '137.110.139.239', 'redis_address': None, 'object_store_address': '/scratch/wulsdorf/scratch/session_2023-05-22_12-07-10_070017_1821874/sockets/plasma_store', 'raylet_socket_name': '/scratch/wulsdorf/scratch/session_2023-05-22_12-07-10_070017_1821874/sockets/raylet', 'webui_url': '127.0.0.1:8266', 'session_dir': '/scratch/wulsdorf/scratch/session_2023-05-22_12-07-10_070017_1821874', 'metrics_export_port': 40441, 'gcs_address': '137.110.139.239:55356', 'address': '137.110.139.239:55356', 'dashboard_agent_listen_port': 52365, 'node_id': 'd4195c1bc13db82c4393f0b5aac9425e107244aa6e117a358d10f227'})"
      ]
     },
     "execution_count": 1,
     "metadata": {},
     "output_type": "execute_result"
    }
   ],
   "source": [
    "import ray\n",
    "ray.init(\n",
    "    num_cpus=32,\n",
    "    #_temp_dir=\"/scratch/wulsdorf/scratch\"\n",
    ")"
   ]
  },
  {
   "cell_type": "markdown",
   "id": "b13e4860-9e94-42b9-9998-a3c733c2b984",
   "metadata": {},
   "source": [
    "### Load the dataset\n",
    "\n",
    "Next, we load the dataset. This is a set of alkane molecules, kindly provided by Trevor Gokey.\n",
    "\n",
    "By default, the initial MM parameters assigned to the molecules in the systems are taken from the OpenFF 1.3.0 Parsley forcefield. If you want to change to a different forcefield, set forcefield_name to a different value."
   ]
  },
  {
   "cell_type": "code",
   "execution_count": 116,
   "id": "a756b065-780c-4679-92a6-8e79cb201599",
   "metadata": {},
   "outputs": [
    {
     "name": "stdout",
     "output_type": "stream",
     "text": [
      "Adding C[C@H]1CCCCCCC(C)(C)C1\n",
      "Adding C[C@@H]1CCC[C@@H](C)C1\n",
      "Adding CCCCCC(C)(C)C\n",
      "Adding C[C@H]1CCC[C@@H](C)C1\n",
      "Adding CCC(C)(C)CC(C)C\n",
      "Adding C[C@@H]1CC[C@H]1C\n",
      "Adding CC(C)CC(C)(C)C\n",
      "Adding C[C@H]1CCCCC[C@H]1C\n",
      "Adding CC(C)CCCC(C)(C)C\n",
      "Adding C[C@@H]1CCCCC1(C)C\n",
      "Adding CC1CCC1\n",
      "Adding CC(C)CCC(C)(C)C\n",
      "Adding CCC(C)(C)C(C)(C)C\n",
      "Adding CCCC(C)(C)C(C)(C)C\n",
      "Adding C[C@H]1CCCCC[C@@H]1C\n",
      "Adding C[C@H]1CC[C@H](C)C1\n",
      "Adding CC(C)[C@@H](C)C(C)(C)C\n",
      "Adding CC(C)CCC(C)C\n",
      "Adding CC1(C)CCCCC1(C)C\n",
      "Adding CCCC(C)CCC\n",
      "Adding C[C@H]1CCCCCC[C@H]1C\n",
      "Adding CCCC(C)(C)CC(C)C\n",
      "Adding CC1(C)CCCC(C)(C)C1\n",
      "Adding CC1(C)CCCCCCCC1\n",
      "Adding CC(C)C(C)(C)C\n",
      "Adding C1CC1\n",
      "Adding CC[C@H](C)CC(C)(C)C\n",
      "Adding CC[C@H](C)CC(C)C\n",
      "Adding CC1(C)CCCCCC(C)(C)C1\n",
      "Adding C[C@H]1CCCCC(C)(C)C1\n",
      "Adding CCCC(C)C\n",
      "Adding C[C@H]1CCCC1(C)C\n",
      "Adding CC1(C)CCCCCC1(C)C\n",
      "Adding CC1(C)CCCCCCC(C)(C)C1\n",
      "Adding CC(C)[C@@H](C)CC(C)(C)C\n",
      "Adding CCC(C)(C)CC(C)(C)C\n",
      "Adding CCCCCC(C)C\n",
      "Adding C1CCC1\n",
      "Adding C[C@H]1CCCCCC1(C)C\n",
      "Adding C[C@H]1CC[C@@H](C)C1\n",
      "Adding CCCC(C)(C)C(C)C\n",
      "Adding CCCCC\n",
      "Adding CC1CCCCCC1\n",
      "Adding CC1(C)CC1(C)C\n",
      "Adding C[C@H]1CCCC[C@H](C)C1\n",
      "Adding CCC[C@H](C)C(C)(C)C\n",
      "Adding CC(C)C(C)(C)C(C)C\n",
      "Adding CC(C)C[C@@H](C)CC(C)(C)C\n",
      "Adding CC1CC(C)C1\n",
      "Adding C[C@H]1CCC(C)(C)C1\n",
      "Adding CC1(C)CCCCC1\n",
      "Adding C[C@H]1CCCCCC[C@@H](C)C1\n",
      "Adding C[C@@H]1CCCCCC[C@@H](C)C1\n",
      "Adding CC(C)CC(C)(C)C(C)C\n",
      "Adding CC(C)CC(C)(C)CC(C)C\n",
      "Adding C[C@H]1CCC[C@@H]1C\n",
      "Adding C[C@H]1C[C@H]1C\n",
      "Adding CCC[C@H](C)CC\n",
      "Adding CC1(C)CCC1(C)C\n",
      "Adding C[C@@H]1CCCCCCC1(C)C\n",
      "Adding CC(C)C(C)C(C)C\n",
      "Adding CC\n",
      "Adding CC1CCCC1\n",
      "Adding C[C@H]1CCCCC1(C)C\n",
      "Adding C[C@H]1CCCCC[C@@H](C)C1\n",
      "Adding CC1(C)CCCCC(C)(C)C1\n",
      "Adding CC1(C)CCC1\n",
      "Adding CCC(C)(C)C\n",
      "Adding C[C@@H]1CCCCC[C@@H](C)C1\n",
      "Adding CC1CC(C)(C)C1\n",
      "Adding CCCCC(C)(C)C\n",
      "Adding C1CCCC1\n",
      "Adding C[C@H]1CCCC[C@@H](C)C1\n",
      "Adding CC(C)C[C@@H](C)C(C)C\n",
      "Adding CC(C)(C)CC(C)(C)C\n",
      "Adding CC(C)C[C@@H](C)C(C)(C)C\n",
      "Adding CC(C)CC(C)(C)C(C)(C)C\n",
      "Adding C[C@H]1CCC[C@H]1C\n",
      "Adding CCC[C@H](C)C(C)C\n",
      "Adding CCC(C)C\n",
      "Adding CCCC(C)(C)C\n",
      "Adding C[C@@H]1CCCCCC(C)(C)C1\n",
      "Adding C[C@H]1CCCC[C@@H]1C\n",
      "Adding CC[C@@H](C)C(C)(C)C\n",
      "Adding CC1(C)CCCCCCC1\n",
      "Adding C[C@H]1CCCCCC[C@@H]1C\n",
      "Adding CC1(C)CC1\n",
      "Adding CC1(C)CCC(C)(C)C1\n",
      "Adding CCC\n",
      "Adding C[C@@H]1CCC1(C)C\n",
      "Adding CCCC(C)(C)CC\n",
      "Adding CC1(C)CCCC1\n",
      "Adding CC1(C)CCCCCCC1(C)C\n",
      "Adding C[C@@H]1CCCC(C)(C)C1\n",
      "Adding CC(C)C(C)(C)CC(C)(C)C\n",
      "Adding C[C@@H]1CCCC1(C)C\n",
      "Adding C[C@H]1CC1(C)C\n",
      "Adding CC1CC1\n",
      "Adding CC1(C)CC(C)(C)C1\n",
      "Adding CC1CCCCCCC1\n",
      "Adding C[C@H]1C[C@@H]1C\n",
      "Adding CC(C)C(C)(C)C(C)(C)C\n",
      "Adding CCC[C@H](C)CC(C)(C)C\n",
      "Adding CC(C)CCCC(C)C\n",
      "Adding CC1CCCCCCCC1\n",
      "Adding C[C@H]1CC[C@H]1C\n",
      "Adding CC(C)(C)C(C)(C)C\n",
      "Adding CCC[C@H](C)CC(C)C\n",
      "Adding CC1(C)CCCC1(C)C\n",
      "Adding CC[C@@H](C)C(C)C\n",
      "Adding CCC(C)CC\n",
      "Adding CCCCCC\n",
      "Adding CCC(C)(C)C(C)C\n",
      "Adding CC1(C)CCCCCC1\n",
      "Adding CCCC\n"
     ]
    },
    {
     "data": {
      "text/plain": [
       "(<BayesTyper.system.SystemManager at 0x7efd9b120970>, 14353.0)"
      ]
     },
     "execution_count": 116,
     "metadata": {},
     "output_type": "execute_result"
    }
   ],
   "source": [
    "import pickle\n",
    "from BayesTyper import system\n",
    "from BayesTyper import tools\n",
    "\n",
    "with open(\"./AlkaneSet/opt-training-1.pickle\", \"rb\") as fopen:\n",
    "    optdataset_dict = pickle.load(fopen)\n",
    "\n",
    "systemmanager = system.SystemManager()\n",
    "tools.generate_systemmanager(\n",
    "    list(\n",
    "        optdataset_dict.keys()\n",
    "    ),\n",
    "    systemmanager,\n",
    "    optdataset_dict=optdataset_dict,\n",
    "    torsiondataset_dict=None,\n",
    "    weight_geo = 1.,\n",
    "    weight_vib = 0,\n",
    "    weight_offeq = 0,\n",
    "    weight_torsion = 0,\n",
    "    weight_force = 1.,\n",
    "    add_units=True,\n",
    "    ene_weighting=False,\n",
    "    force_projection=False,\n",
    ")"
   ]
  },
  {
   "cell_type": "markdown",
   "id": "e0cdcfe1-c792-4670-8e0d-0afe330ebf6f",
   "metadata": {},
   "source": [
    "### Generate bond and angle vectors\n",
    "\n",
    "Next, we will generate useful high-level parameter vector objects that we can use to manipulate the parameters in the systems objects. We will create one parameter vector for bond forces and one for angle forces. Note that the parameter vectors expose only a linear mapping to the actual parameter vectors (very much in the sense that ForceBalance treats parameter values)."
   ]
  },
  {
   "cell_type": "code",
   "execution_count": 117,
   "id": "eb5fb905-d80a-4b42-9c15-a24f1e71dccb",
   "metadata": {},
   "outputs": [],
   "source": [
    "from BayesTyper import parameters\n",
    "from BayesTyper import vectors\n",
    "\n",
    "bond_mngr = parameters.BondManager()\n",
    "bond_mngr.add_system_manager(systemmanager)\n",
    "\n",
    "angle_mngr = parameters.AngleManager()\n",
    "angle_mngr.add_system_manager(systemmanager)\n",
    "\n",
    "pvec_bonds  = vectors.ForceFieldParameterVector(\n",
    "    bond_mngr,\n",
    "    parameter_name_list=[\"k\", \"length\"],\n",
    "    scaling_list=[1.e5, 1.e-1]\n",
    ")\n",
    "pvec_angles = vectors.ForceFieldParameterVector(\n",
    "    angle_mngr,\n",
    "    parameter_name_list=[\"k\", \"angle\"],\n",
    "    scaling_list=[1.e2, 1.e1]\n",
    ")"
   ]
  },
  {
   "cell_type": "markdown",
   "id": "42c36f3d-8e4b-4b79-a083-cbf5b7396698",
   "metadata": {},
   "source": [
    "### Define an objective function and a gradient\n",
    "\n",
    "Next, we want to use `LikelihoodVectorized` to generate a gradient and objective function. We will also include a prior function, which is easy to implement due to the linear mapping of the parameter vector."
   ]
  },
  {
   "cell_type": "code",
   "execution_count": 147,
   "id": "8cae137a-1eea-4ed8-b5e3-49f7ff86c54e",
   "metadata": {},
   "outputs": [],
   "source": [
    "from BayesTyper import likelihoods\n",
    "from BayesTyper import targets\n",
    "import numpy as np\n",
    "\n",
    "logL = likelihoods.LikelihoodVectorized(\n",
    "    [pvec_bonds, pvec_angles],\n",
    "    targets.TargetComputer(systemmanager),\n",
    "    N_sys_per_batch=4,\n",
    "    three_point=False,\n",
    ")\n",
    "\n",
    "### This number just scales the prior\n",
    "s = 1.\n",
    "\n",
    "def grad(x):\n",
    "\n",
    "    dl = logL.grad(\n",
    "        x, \n",
    "        grad_diff=1.e-4, \n",
    "        use_jac=False\n",
    "    )\n",
    "    dp = 2. * s * x\n",
    "    dy = -dl - dp\n",
    "    return dy\n",
    "\n",
    "def func(x):\n",
    "\n",
    "    l = logL(x)\n",
    "    ### This is the prior\n",
    "    p = s * np.sum(x**2)\n",
    "    y = -l - p\n",
    "    return y"
   ]
  },
  {
   "cell_type": "markdown",
   "id": "99abf481-5325-407a-ab17-e3b9f68bbdc3",
   "metadata": {},
   "source": [
    "### Optimize\n",
    "\n",
    "Next, we will use a standard scipy optimizer to minimize the objective function. Note that we are already starting from a pretty good forcefield. So might not get far here."
   ]
  },
  {
   "cell_type": "code",
   "execution_count": 148,
   "id": "2455ba02-d649-4aff-8019-976acfab323d",
   "metadata": {},
   "outputs": [
    {
     "name": "stdout",
     "output_type": "stream",
     "text": [
      "Initial f: 30220.16396130976\n",
      "Warning: Desired error not necessarily achieved due to precision loss.\n",
      "         Current function value: 28448.868204\n",
      "         Iterations: 2\n",
      "         Function evaluations: 35\n",
      "         Gradient evaluations: 26\n"
     ]
    }
   ],
   "source": [
    "from scipy import optimize\n",
    "\n",
    "x0  = logL.pvec\n",
    "x0[:] = 0.\n",
    "print(\n",
    "    \"Initial f:\", func(x0)\n",
    ")\n",
    "        \n",
    "result = optimize.minimize(\n",
    "    x0=x0,\n",
    "    fun=func,\n",
    "    jac=grad,\n",
    "    method=\"BFGS\",\n",
    "    options = {\n",
    "        'gtol': 1e-6, \n",
    "        'disp': True\n",
    "        },\n",
    ")"
   ]
  },
  {
   "cell_type": "code",
   "execution_count": 149,
   "id": "df1a9978-dc12-40ba-9c66-2ce992d532a4",
   "metadata": {},
   "outputs": [
    {
     "data": {
      "text/plain": [
       "      fun: 28448.868203534323\n",
       " hess_inv: array([[ 9.99931949e-01,  2.70660291e-04, -7.09995823e-05,\n",
       "        -1.31368480e-03, -4.07851106e-03, -4.07278266e-03,\n",
       "        -3.74248924e-03, -3.71708696e-03,  6.79058375e-04,\n",
       "         6.81055276e-04,  1.02272942e-03,  1.02471883e-03,\n",
       "         1.02449237e-03,  1.02352093e-03, -1.66436071e-04,\n",
       "        -1.66480083e-04, -1.66266599e-04, -1.66430559e-04,\n",
       "        -1.66272517e-04, -1.66458603e-04, -2.05385991e-04,\n",
       "        -2.05307277e-04],\n",
       "       [ 2.70660291e-04,  9.86384844e-01,  4.89392327e-04,\n",
       "         5.07781414e-02,  5.12914548e-03,  4.84814036e-03,\n",
       "        -9.03161568e-03, -1.05936706e-02, -3.22225476e-02,\n",
       "        -3.23403667e-02, -4.68689156e-02, -4.69827750e-02,\n",
       "        -4.69727223e-02, -4.69040269e-02,  2.44705433e-03,\n",
       "         2.44969770e-03,  2.43645497e-03,  2.44536912e-03,\n",
       "         2.43649965e-03,  2.44845052e-03,  5.60115085e-03,\n",
       "         5.59681016e-03],\n",
       "       [-7.09995823e-05,  4.89392327e-04,  9.99928405e-01,\n",
       "        -1.77508140e-03, -4.11447236e-03, -4.10825995e-03,\n",
       "        -3.45138556e-03, -3.43794626e-03,  1.39079133e-03,\n",
       "         1.39200743e-03,  2.05940726e-03,  2.06220644e-03,\n",
       "         2.06034720e-03,  2.05954683e-03, -2.04573332e-04,\n",
       "        -2.04606874e-04, -2.04413351e-04, -2.04486280e-04,\n",
       "        -2.04459819e-04, -2.04605635e-04, -3.21056968e-04,\n",
       "        -3.20913391e-04],\n",
       "       [-1.31368480e-03,  5.07781414e-02, -1.77508140e-03,\n",
       "         8.29627407e-01, -4.09311826e-02, -4.01198064e-02,\n",
       "         1.80858528e-02,  2.16928508e-02,  1.31849124e-01,\n",
       "         1.32128845e-01,  1.92080190e-01,  1.92443065e-01,\n",
       "         1.92318705e-01,  1.92140054e-01, -9.78395665e-03,\n",
       "        -9.79064288e-03, -9.75527475e-03, -9.77463453e-03,\n",
       "        -9.75781976e-03, -9.78838548e-03, -2.29837054e-02,\n",
       "        -2.29678504e-02],\n",
       "       [-4.07851106e-03,  5.12914548e-03, -4.11447236e-03,\n",
       "        -4.09311826e-02,  7.46053123e-01, -2.53803063e-01,\n",
       "        -2.45877069e-01, -2.45380026e-01,  1.31813710e-02,\n",
       "         1.32231092e-02,  2.13785319e-02,  2.14114039e-02,\n",
       "         2.14165007e-02,  2.14064130e-02, -8.38540954e-03,\n",
       "        -8.38624534e-03, -8.38273502e-03, -8.38693740e-03,\n",
       "        -8.38278407e-03, -8.38569589e-03, -7.87741248e-03,\n",
       "        -7.87622179e-03],\n",
       "       [-4.07278266e-03,  4.84814036e-03, -4.10825995e-03,\n",
       "        -4.01198064e-02, -2.53803063e-01,  7.46337700e-01,\n",
       "        -2.46094462e-01, -2.45604256e-01,  1.23831386e-02,\n",
       "         1.24242766e-02,  2.02158791e-02,  2.02471020e-02,\n",
       "         2.02534114e-02,  2.02438642e-02, -8.33364358e-03,\n",
       "        -8.33446113e-03, -8.33106436e-03, -8.33524293e-03,\n",
       "        -8.33108519e-03, -8.33390986e-03, -7.74262284e-03,\n",
       "        -7.74151829e-03],\n",
       "       [-3.74248924e-03, -9.03161568e-03, -3.45138556e-03,\n",
       "         1.80858528e-02, -2.45877069e-01, -2.46094462e-01,\n",
       "         7.49139302e-01, -2.52618794e-01, -1.70350244e-02,\n",
       "        -1.71613447e-02, -2.25649282e-02, -2.26677645e-02,\n",
       "        -2.26773402e-02, -2.25943904e-02, -5.76269560e-03,\n",
       "        -5.75988169e-03, -5.77409703e-03, -5.76503181e-03,\n",
       "        -5.77477780e-03, -5.76131604e-03, -2.44482265e-03,\n",
       "        -2.44822615e-03],\n",
       "       [-3.71708696e-03, -1.05936706e-02, -3.43794626e-03,\n",
       "         2.16928508e-02, -2.45380026e-01, -2.45604256e-01,\n",
       "        -2.52618794e-01,  7.45677816e-01, -2.19573371e-02,\n",
       "        -2.20803015e-02, -2.97354404e-02, -2.98448988e-02,\n",
       "        -2.98440441e-02, -2.97612692e-02, -5.48339345e-03,\n",
       "        -5.48061044e-03, -5.49487546e-03, -5.48626497e-03,\n",
       "        -5.49529972e-03, -5.48193378e-03, -1.63550386e-03,\n",
       "        -1.63937427e-03],\n",
       "       [ 6.79058375e-04, -3.22225476e-02,  1.39079133e-03,\n",
       "         1.31849124e-01,  1.31813710e-02,  1.23831386e-02,\n",
       "        -1.70350244e-02, -2.19573371e-02,  9.30158540e-01,\n",
       "        -7.02087026e-02, -1.01535276e-01, -1.01838468e-01,\n",
       "        -1.01863305e-01, -1.01658550e-01,  5.81562677e-03,\n",
       "         5.82363336e-03,  5.78459508e-03,  5.81343508e-03,\n",
       "         5.78338377e-03,  5.81935013e-03,  1.23954848e-02,\n",
       "         1.23850499e-02],\n",
       "       [ 6.81055276e-04, -3.23403667e-02,  1.39200743e-03,\n",
       "         1.32128845e-01,  1.32231092e-02,  1.24242766e-02,\n",
       "        -1.71613447e-02, -2.20803015e-02, -7.02087026e-02,\n",
       "         9.29424252e-01, -1.02070259e-01, -1.02373973e-01,\n",
       "        -1.02398054e-01, -1.02193285e-01,  5.83681500e-03,\n",
       "         5.84482035e-03,  5.80577350e-03,  5.83458409e-03,\n",
       "         5.80458071e-03,  5.84054466e-03,  1.24560687e-02,\n",
       "         1.24455985e-02],\n",
       "       [ 1.02272942e-03, -4.68689156e-02,  2.05940726e-03,\n",
       "         1.92080190e-01,  2.13785319e-02,  2.02158791e-02,\n",
       "        -2.25649282e-02, -2.97354404e-02, -1.01535276e-01,\n",
       "        -1.02070259e-01,  8.52369673e-01, -1.48071565e-01,\n",
       "        -1.48108229e-01, -1.47810142e-01,  8.52431053e-03,\n",
       "         8.53597162e-03,  8.47912887e-03,  8.52115851e-03,\n",
       "         8.47735477e-03,  8.52972818e-03,  1.80717946e-02,\n",
       "         1.80566190e-02],\n",
       "       [ 1.02471883e-03, -4.69827750e-02,  2.06220644e-03,\n",
       "         1.92443065e-01,  2.14114039e-02,  2.02471020e-02,\n",
       "        -2.26677645e-02, -2.98448988e-02, -1.01838468e-01,\n",
       "        -1.02373973e-01, -1.48071565e-01,  8.51486422e-01,\n",
       "        -1.48549902e-01, -1.48251462e-01,  8.54451246e-03,\n",
       "         8.55618645e-03,  8.49927340e-03,  8.54133686e-03,\n",
       "         8.49750659e-03,  8.54993959e-03,  1.81230557e-02,\n",
       "         1.81078446e-02],\n",
       "       [ 1.02449237e-03, -4.69727223e-02,  2.06034720e-03,\n",
       "         1.92318705e-01,  2.14165007e-02,  2.02534114e-02,\n",
       "        -2.26773402e-02, -2.98440441e-02, -1.01863305e-01,\n",
       "        -1.02398054e-01, -1.48108229e-01, -1.48549902e-01,\n",
       "         8.51414133e-01, -1.48287798e-01,  8.54301877e-03,\n",
       "         8.55467756e-03,  8.49783261e-03,  8.53983097e-03,\n",
       "         8.49607574e-03,  8.54844169e-03,  1.81258145e-02,\n",
       "         1.81106078e-02],\n",
       "       [ 1.02352093e-03, -4.69040269e-02,  2.05954683e-03,\n",
       "         1.92140054e-01,  2.14064130e-02,  2.02438642e-02,\n",
       "        -2.25943904e-02, -2.97612692e-02, -1.01658550e-01,\n",
       "        -1.02193285e-01, -1.47810142e-01, -1.48251462e-01,\n",
       "        -1.48287798e-01,  8.52010202e-01,  8.53109635e-03,\n",
       "         8.54275331e-03,  8.48592461e-03,  8.52792895e-03,\n",
       "         8.48415885e-03,  8.53651497e-03,  1.80920985e-02,\n",
       "         1.80769127e-02],\n",
       "       [-1.66436071e-04,  2.44705433e-03, -2.04573332e-04,\n",
       "        -9.78395665e-03, -8.38540954e-03, -8.33364358e-03,\n",
       "        -5.76269560e-03, -5.48339345e-03,  5.81562677e-03,\n",
       "         5.83681500e-03,  8.52431053e-03,  8.54451246e-03,\n",
       "         8.54301877e-03,  8.53109635e-03,  9.99339160e-01,\n",
       "        -6.61311802e-04, -6.58967546e-04, -6.60602652e-04,\n",
       "        -6.58975175e-04, -6.61083918e-04, -1.17658840e-03,\n",
       "        -1.17582124e-03],\n",
       "       [-1.66480083e-04,  2.44969770e-03, -2.04606874e-04,\n",
       "        -9.79064288e-03, -8.38624534e-03, -8.33446113e-03,\n",
       "        -5.75988169e-03, -5.48061044e-03,  5.82363336e-03,\n",
       "         5.84482035e-03,  8.53597162e-03,  8.55618645e-03,\n",
       "         8.55467756e-03,  8.54275331e-03, -6.61311802e-04,\n",
       "         9.99338216e-01, -6.59439267e-04, -6.61073993e-04,\n",
       "        -6.59447264e-04, -6.61556232e-04, -1.17791334e-03,\n",
       "        -1.17714539e-03],\n",
       "       [-1.66266599e-04,  2.43645497e-03, -2.04413351e-04,\n",
       "        -9.75527475e-03, -8.38273502e-03, -8.33106436e-03,\n",
       "        -5.77409703e-03, -5.49487546e-03,  5.78459508e-03,\n",
       "         5.80577350e-03,  8.47912887e-03,  8.49927340e-03,\n",
       "         8.49783261e-03,  8.48592461e-03, -6.58967546e-04,\n",
       "        -6.59439267e-04,  9.99342902e-01, -6.58733532e-04,\n",
       "        -6.57104563e-04, -6.59211120e-04, -1.17143850e-03,\n",
       "        -1.17067458e-03],\n",
       "       [-1.66430559e-04,  2.44536912e-03, -2.04486280e-04,\n",
       "        -9.77463453e-03, -8.38693740e-03, -8.33524293e-03,\n",
       "        -5.76503181e-03, -5.48626497e-03,  5.81343508e-03,\n",
       "         5.83458409e-03,  8.52115851e-03,  8.54133686e-03,\n",
       "         8.53983097e-03,  8.52792895e-03, -6.60602652e-04,\n",
       "        -6.61073993e-04, -6.58733532e-04,  9.99339635e-01,\n",
       "        -6.58741523e-04, -6.60846633e-04, -1.17619077e-03,\n",
       "        -1.17542420e-03],\n",
       "       [-1.66272517e-04,  2.43649965e-03, -2.04459819e-04,\n",
       "        -9.75781976e-03, -8.38278407e-03, -8.33108519e-03,\n",
       "        -5.77477780e-03, -5.49529972e-03,  5.78338377e-03,\n",
       "         5.80458071e-03,  8.47735477e-03,  8.49750659e-03,\n",
       "         8.49607574e-03,  8.48415885e-03, -6.58975175e-04,\n",
       "        -6.59447264e-04, -6.57104563e-04, -6.58741523e-04,\n",
       "         9.99342889e-01, -6.59218839e-04, -1.17127625e-03,\n",
       "        -1.17051227e-03],\n",
       "       [-1.66458603e-04,  2.44845052e-03, -2.04605635e-04,\n",
       "        -9.78838548e-03, -8.38569589e-03, -8.33390986e-03,\n",
       "        -5.76131604e-03, -5.48193378e-03,  5.81935013e-03,\n",
       "         5.84054466e-03,  8.52972818e-03,  8.54993959e-03,\n",
       "         8.54844169e-03,  8.53651497e-03, -6.61083918e-04,\n",
       "        -6.61556232e-04, -6.59211120e-04, -6.60846633e-04,\n",
       "        -6.59218839e-04,  9.99338672e-01, -1.17721513e-03,\n",
       "        -1.17644754e-03],\n",
       "       [-2.05385991e-04,  5.60115085e-03, -3.21056968e-04,\n",
       "        -2.29837054e-02, -7.87741248e-03, -7.74262284e-03,\n",
       "        -2.44482265e-03, -1.63550386e-03,  1.23954848e-02,\n",
       "         1.24560687e-02,  1.80717946e-02,  1.81230557e-02,\n",
       "         1.81258145e-02,  1.80920985e-02, -1.17658840e-03,\n",
       "        -1.17791334e-03, -1.17143850e-03, -1.17619077e-03,\n",
       "        -1.17127625e-03, -1.17721513e-03,  9.97685539e-01,\n",
       "        -2.31266303e-03],\n",
       "       [-2.05307277e-04,  5.59681016e-03, -3.20913391e-04,\n",
       "        -2.29678504e-02, -7.87622179e-03, -7.74151829e-03,\n",
       "        -2.44822615e-03, -1.63937427e-03,  1.23850499e-02,\n",
       "         1.24455985e-02,  1.80566190e-02,  1.81078446e-02,\n",
       "         1.81106078e-02,  1.80769127e-02, -1.17582124e-03,\n",
       "        -1.17714539e-03, -1.17067458e-03, -1.17542420e-03,\n",
       "        -1.17051227e-03, -1.17644754e-03, -2.31266303e-03,\n",
       "         9.97689134e-01]])\n",
       "      jac: array([ 128825.38237845,  216593.03532407,  129208.8546582 ,\n",
       "        241398.63141225, 8316701.59363977, 8316201.84243954,\n",
       "       8542985.71073336, 8536738.72854114,  656764.32392787,\n",
       "        656264.19808639,  883479.58946395,  884684.34079727,\n",
       "        882874.93817586,  882432.44583441,  209607.69719078,\n",
       "        209609.09147983,  209654.4715926 ,  209756.37053073,\n",
       "        209618.14666574,  209589.20040345,   78455.62095783,\n",
       "         78534.92699816])\n",
       "  message: 'Desired error not necessarily achieved due to precision loss.'\n",
       "     nfev: 35\n",
       "      nit: 2\n",
       "     njev: 26\n",
       "   status: 2\n",
       "  success: False\n",
       "        x: array([ 4.35761744e-05, -1.54149061e-03,  3.59447029e-05,  3.91970347e-03,\n",
       "        1.63193203e-03,  1.62201103e-03, -5.31228676e-04, -5.04495999e-04,\n",
       "       -4.71726969e-03, -4.71594140e-03, -6.88074270e-03, -6.88799438e-03,\n",
       "       -6.87883824e-03, -6.87812898e-03,  3.09280167e-04,  3.09288472e-04,\n",
       "        3.09072283e-04,  3.08802045e-04,  3.09295826e-04,  3.09367612e-04,\n",
       "        8.04824480e-04,  8.04362034e-04])"
      ]
     },
     "execution_count": 149,
     "metadata": {},
     "output_type": "execute_result"
    }
   ],
   "source": [
    "### Runtime 6 minutes\n",
    "### Runtime w/o logL grads, 30 minutes\n",
    "result"
   ]
  },
  {
   "cell_type": "markdown",
   "id": "dc8d8aab-1c66-464f-856a-0253a45882ef",
   "metadata": {},
   "source": [
    "### Check parameter vectors after the fitting\n",
    "\n",
    "After fitting, the relaxed parameter vectors for bonds and angles have the following values"
   ]
  },
  {
   "cell_type": "code",
   "execution_count": 154,
   "id": "a72ac1d0-72f7-4af8-a6a8-f5b0d49b8208",
   "metadata": {},
   "outputs": [
    {
     "data": {
      "text/plain": [
       "array([Quantity(value=216408.67037852504, unit=kilojoule/(nanometer**2*mole)),\n",
       "       Quantity(value=0.1519438642243602, unit=nanometer),\n",
       "       Quantity(value=315507.09968668834, unit=kilojoule/(nanometer**2*mole)),\n",
       "       Quantity(value=0.10978302284678046, unit=nanometer)], dtype=object)"
      ]
     },
     "execution_count": 154,
     "metadata": {},
     "output_type": "execute_result"
    }
   ],
   "source": [
    "logL.apply_changes(result.x)\n",
    "pvec_bonds.vector_k"
   ]
  },
  {
   "cell_type": "code",
   "execution_count": 155,
   "id": "02f61097-90af-49f2-9b6b-a8f0c32beae4",
   "metadata": {},
   "outputs": [
    {
     "data": {
      "text/plain": [
       "array([Quantity(value=415.3582246186403, unit=kilojoule/(mole*radian**2)),\n",
       "       Quantity(value=113.67315972716847, unit=degree),\n",
       "       Quantity(value=278.4016765421681, unit=kilojoule/(mole*radian**2)),\n",
       "       Quantity(value=114.28903972300554, unit=degree),\n",
       "       Quantity(value=675.9661505932731, unit=kilojoule/(mole*radian**2)),\n",
       "       Quantity(value=116.57771830055098, unit=degree),\n",
       "       Quantity(value=416.14461225889454, unit=kilojoule/(mole*radian**2)),\n",
       "       Quantity(value=115.79475480619591, unit=degree),\n",
       "       Quantity(value=292.0523490496428, unit=kilojoule/(mole*radian**2)),\n",
       "       Quantity(value=113.68507214134416, unit=degree),\n",
       "       Quantity(value=1030.7802739599806, unit=kilojoule/(mole*radian**2)),\n",
       "       Quantity(value=68.77999029352144, unit=degree),\n",
       "       Quantity(value=271.2357637195792, unit=kilojoule/(mole*radian**2)),\n",
       "       Quantity(value=119.17074470254688, unit=degree),\n",
       "       Quantity(value=121.42007094636824, unit=kilojoule/(mole*radian**2)),\n",
       "       Quantity(value=114.29026574781889, unit=degree),\n",
       "       Quantity(value=628.788881708158, unit=kilojoule/(mole*radian**2)),\n",
       "       Quantity(value=116.83164504104458, unit=degree)], dtype=object)"
      ]
     },
     "execution_count": 155,
     "metadata": {},
     "output_type": "execute_result"
    }
   ],
   "source": [
    "pvec_angles.vector_k"
   ]
  }
 ],
 "metadata": {
  "kernelspec": {
   "display_name": "Python [conda env:atomtyping] *",
   "language": "python",
   "name": "conda-env-atomtyping-py"
  },
  "language_info": {
   "codemirror_mode": {
    "name": "ipython",
    "version": 3
   },
   "file_extension": ".py",
   "mimetype": "text/x-python",
   "name": "python",
   "nbconvert_exporter": "python",
   "pygments_lexer": "ipython3",
   "version": "3.9.10"
  }
 },
 "nbformat": 4,
 "nbformat_minor": 5
}
